(35000,SUV)	44	334904
(35000,SUV)	44	337073
(35000,SUV)	44	331240
(35000,SUV)	44	334408
(35000,SUV)	44	334410
(35000,SUV)	44	334413
(35000,SUV)	44	334889
(35000,SUV)	44	334892
(35000,SUV)	44	331239
(35000,SUV)	44	334893
(35000,SUV)	44	334888
(35000,SUV)	44	337557
(35000,SUV)	44	332650
(35000,SUV)	44	334509
(35000,SUV)	44	334510
(35000,SUV)	44	331236
(35000,SUV)	44	337558
(35000,SUV)	44	334485
(35000,SUV)	44	333846
(35000,SUV)	44	336714
(35000,SUV)	44	335684
(35000,SUV)	44	334511
(35000,SUV)	44	336713
(35000,SUV)	44	337259
(35000,SUV)	44	337260
(35000,SUV)	44	332656
(35000,SUV)	44	337559
(35000,SUV)	44	331235
(35000,SUV)	44	332659
(35000,SUV)	44	331224
(35000,SUV)	44	331223
(35000,SUV)	44	335433
(35000,SUV)	44	331221
(35000,SUV)	44	334725
(35000,SUV)	44	334902
(35000,SUV)	44	331395
(35000,SUV)	44	334486
(35000,SUV)	44	337716
(35000,SUV)	44	331220
(35000,SUV)	44	337261
(35000,SUV)	44	337712
(35000,SUV)	44	337713
(35000,SUV)	44	337624
(35000,SUV)	44	332632
(35000,Van)	10	337688
(35000,Van)	10	335488
(35000,Van)	10	332098
(35000,Van)	10	336656
(35000,Van)	10	335487
(35000,Van)	10	331861
(35000,Van)	10	337236
(35000,Van)	10	335486
(35000,Van)	10	337235
(35000,Van)	10	336683
(35000,Coupe)	13	336492
(35000,Coupe)	13	336493
(35000,Coupe)	13	334473
(35000,Coupe)	13	334472
(35000,Coupe)	13	334471
(35000,Coupe)	13	332196
(35000,Coupe)	13	331610
(35000,Coupe)	13	334470
(35000,Coupe)	13	334444
(35000,Coupe)	13	334443
(35000,Coupe)	13	337354
(35000,Coupe)	13	334475
(35000,Coupe)	13	334474
(35000,Sedan)	38	335482
(35000,Sedan)	38	331953
(35000,Sedan)	38	330950
(35000,Sedan)	38	337361
(35000,Sedan)	38	337359
(35000,Sedan)	38	334422
(35000,Sedan)	38	331841
(35000,Sedan)	38	337365
(35000,Sedan)	38	335547
(35000,Sedan)	38	330810
(35000,Sedan)	38	331828
(35000,Sedan)	38	331840
(35000,Sedan)	38	334421
(35000,Sedan)	38	335754
(35000,Sedan)	38	331954
(35000,Sedan)	38	334977
(35000,Sedan)	38	334975
(35000,Sedan)	38	335756
(35000,Sedan)	38	334420
(35000,Sedan)	38	331842
(35000,Sedan)	38	334971
(35000,Sedan)	38	331843
(35000,Sedan)	38	335758
(35000,Sedan)	38	334964
(35000,Sedan)	38	337271
(35000,Sedan)	38	331723
(35000,Sedan)	38	334961
(35000,Sedan)	38	331844
(35000,Sedan)	38	337497
(35000,Sedan)	38	337364
(35000,Sedan)	38	337487
(35000,Sedan)	38	334969
(35000,Sedan)	38	334963
(35000,Sedan)	38	332386
(35000,Sedan)	38	332385
(35000,Sedan)	38	332384
(35000,Sedan)	38	331839
(35000,Sedan)	38	330809
(35000,Truck)	115	331884
(35000,Truck)	115	332371
(35000,Truck)	115	332370
(35000,Truck)	115	335612
(35000,Truck)	115	335796
(35000,Truck)	115	332366
(35000,Truck)	115	332365
(35000,Truck)	115	331309
(35000,Truck)	115	332353
(35000,Truck)	115	332352
(35000,Truck)	115	332693
(35000,Truck)	115	332347
(35000,Truck)	115	331313
(35000,Truck)	115	331287
(35000,Truck)	115	331316
(35000,Truck)	115	331318
(35000,Truck)	115	331320
(35000,Truck)	115	331321
(35000,Truck)	115	331323
(35000,Truck)	115	337703
(35000,Truck)	115	331327
(35000,Truck)	115	332927
(35000,Truck)	115	335890
(35000,Truck)	115	337696
(35000,Truck)	115	335875
(35000,Truck)	115	335592
(35000,Truck)	115	337702
(35000,Truck)	115	332923
(35000,Truck)	115	335891
(35000,Truck)	115	335620
(35000,Truck)	115	335606
(35000,Truck)	115	335714
(35000,Truck)	115	331275
(35000,Truck)	115	335598
(35000,Truck)	115	331278
(35000,Truck)	115	335621
(35000,Truck)	115	335622
(35000,Truck)	115	335878
(35000,Truck)	115	331359
(35000,Truck)	115	331945
(35000,Truck)	115	331281
(35000,Truck)	115	331284
(35000,Truck)	115	331292
(35000,Truck)	115	331294
(35000,Truck)	115	332920
(35000,Truck)	115	335893
(35000,Truck)	115	335613
(35000,Truck)	115	331923
(35000,Truck)	115	331926
(35000,Truck)	115	337705
(35000,Truck)	115	337699
(35000,Truck)	115	331898
(35000,Truck)	115	335614
(35000,Truck)	115	335887
(35000,Truck)	115	335872
(35000,Truck)	115	335615
(35000,Truck)	115	332751
(35000,Truck)	115	331897
(35000,Truck)	115	331930
(35000,Truck)	115	335886
(35000,Truck)	115	331902
(35000,Truck)	115	335766
(35000,Truck)	115	331291
(35000,Truck)	115	331289
(35000,Truck)	115	335767
(35000,Truck)	115	335768
(35000,Truck)	115	335769
(35000,Truck)	115	335882
(35000,Truck)	115	335773
(35000,Truck)	115	335774
(35000,Truck)	115	335775
(35000,Truck)	115	335776
(35000,Truck)	115	335779
(35000,Truck)	115	335780
(35000,Truck)	115	335781
(35000,Truck)	115	335902
(35000,Truck)	115	335904
(35000,Truck)	115	335782
(35000,Truck)	115	335906
(35000,Truck)	115	331892
(35000,Truck)	115	335911
(35000,Truck)	115	335912
(35000,Truck)	115	335786
(35000,Truck)	115	335915
(35000,Truck)	115	331946
(35000,Truck)	115	332942
(35000,Truck)	115	335787
(35000,Truck)	115	335922
(35000,Truck)	115	335788
(35000,Truck)	115	335925
(35000,Truck)	115	332941
(35000,Truck)	115	332335
(35000,Truck)	115	331887
(35000,Truck)	115	331886
(35000,Truck)	115	335616
(35000,Truck)	115	335936
(35000,Truck)	115	335937
(35000,Truck)	115	335888
(35000,Truck)	115	335940
(35000,Truck)	115	331939
(35000,Truck)	115	335943
(35000,Truck)	115	332938
(35000,Truck)	115	335947
(35000,Truck)	115	331306
(35000,Truck)	115	335619
(35000,Truck)	115	331297
(35000,Truck)	115	331942
(35000,Truck)	115	332344
(35000,Truck)	115	331879
(35000,Truck)	115	335897
(35000,Truck)	115	331911
(35000,Truck)	115	335591
(35000,Truck)	115	331905
(35000,Truck)	115	332375
(35000,Truck)	115	331303
(35000,Wagon)	22	337011
(35000,Wagon)	22	337010
(35000,Wagon)	22	336746
(35000,Wagon)	22	336749
(35000,Wagon)	22	334425
(35000,Wagon)	22	334424
(35000,Wagon)	22	334423
(35000,Wagon)	22	331664
(35000,Wagon)	22	335000
(35000,Wagon)	22	334999
(35000,Wagon)	22	334998
(35000,Wagon)	22	334996
(35000,Wagon)	22	331366
(35000,Wagon)	22	331667
(35000,Wagon)	22	331670
(35000,Wagon)	22	331755
(35000,Wagon)	22	335002
(35000,Wagon)	22	333566
(35000,Wagon)	22	333567
(35000,Wagon)	22	333569
(35000,Wagon)	22	337013
(35000,Wagon)	22	337012
(35000,Hatchback)	6	337290
(35000,Hatchback)	6	331642
(35000,Hatchback)	6	337587
(35000,Hatchback)	6	337588
(35000,Hatchback)	6	337589
(35000,Hatchback)	6	337289
(35000,Convertible)	8	330953
(35000,Convertible)	8	337353
(35000,Convertible)	8	332199
(35000,Convertible)	8	330955
(35000,Convertible)	8	330905
(35000,Convertible)	8	330906
(35000,Convertible)	8	331735
(35000,Convertible)	8	332198
(40000,SUV)	29	337560
(40000,SUV)	29	337529
(40000,SUV)	29	331237
(40000,SUV)	29	331241
(40000,SUV)	29	331242
(40000,SUV)	29	334911
(40000,SUV)	29	334910
(40000,SUV)	29	334909
(40000,SUV)	29	334908
(40000,SUV)	29	334905
(40000,SUV)	29	334903
(40000,SUV)	29	334897
(40000,SUV)	29	334896
(40000,SUV)	29	335436
(40000,SUV)	29	331225
(40000,SUV)	29	337715
(40000,SUV)	29	335688
(40000,SUV)	29	334406
(40000,SUV)	29	332017
(40000,SUV)	29	337074
(40000,SUV)	29	335686
(40000,SUV)	29	335685
(40000,SUV)	29	332154
(40000,SUV)	29	332157
(40000,SUV)	29	337077
(40000,SUV)	29	337095
(40000,SUV)	29	337096
(40000,SUV)	29	334890
(40000,SUV)	29	334894
(40000,Van)	9	336668
(40000,Van)	9	335628
(40000,Van)	9	336686
(40000,Van)	9	337237
(40000,Van)	9	331869
(40000,Van)	9	331865
(40000,Van)	9	336674
(40000,Van)	9	332101
(40000,Van)	9	332104
(40000,Coupe)	4	330897
(40000,Coupe)	4	331734
(40000,Coupe)	4	336494
(40000,Coupe)	4	331613
(40000,Sedan)	16	334979
(40000,Sedan)	16	335755
(40000,Sedan)	16	334455
(40000,Sedan)	16	331829
(40000,Sedan)	16	335760
(40000,Sedan)	16	335759
(40000,Sedan)	16	334456
(40000,Sedan)	16	330952
(40000,Sedan)	16	334973
(40000,Sedan)	16	334981
(40000,Sedan)	16	331830
(40000,Sedan)	16	336568
(40000,Sedan)	16	331957
(40000,Sedan)	16	331831
(40000,Sedan)	16	337362
(40000,Sedan)	16	337491
(40000,Truck)	61	335806
(40000,Truck)	61	335805
(40000,Truck)	61	332928
(40000,Truck)	61	332936
(40000,Truck)	61	332939
(40000,Truck)	61	335804
(40000,Truck)	61	333064
(40000,Truck)	61	335803
(40000,Truck)	61	335800
(40000,Truck)	61	335799
(40000,Truck)	61	335798
(40000,Truck)	61	335797
(40000,Truck)	61	335599
(40000,Truck)	61	335792
(40000,Truck)	61	335791
(40000,Truck)	61	335790
(40000,Truck)	61	335789
(40000,Truck)	61	331298
(40000,Truck)	61	331295
(40000,Truck)	61	335944
(40000,Truck)	61	331362
(40000,Truck)	61	331360
(40000,Truck)	61	335623
(40000,Truck)	61	335733
(40000,Truck)	61	335716
(40000,Truck)	61	335715
(40000,Truck)	61	335941
(40000,Truck)	61	331328
(40000,Truck)	61	335938
(40000,Truck)	61	331324
(40000,Truck)	61	331307
(40000,Truck)	61	335932
(40000,Truck)	61	335928
(40000,Truck)	61	335926
(40000,Truck)	61	335923
(40000,Truck)	61	331943
(40000,Truck)	61	331940
(40000,Truck)	61	335913
(40000,Truck)	61	332240
(40000,Truck)	61	331931
(40000,Truck)	61	335907
(40000,Truck)	61	335905
(40000,Truck)	61	331906
(40000,Truck)	61	331903
(40000,Truck)	61	331893
(40000,Truck)	61	332345
(40000,Truck)	61	332348
(40000,Truck)	61	331885
(40000,Truck)	61	332360
(40000,Truck)	61	331304
(40000,Truck)	61	332372
(40000,Truck)	61	335898
(40000,Truck)	61	335894
(40000,Truck)	61	335617
(40000,Truck)	61	335876
(40000,Truck)	61	337704
(40000,Truck)	61	332705
(40000,Truck)	61	332736
(40000,Truck)	61	335873
(40000,Truck)	61	331279
(40000,Truck)	61	331276
(40000,Wagon)	11	331671
(40000,Wagon)	11	331367
(40000,Wagon)	11	335003
(40000,Wagon)	11	333570
(40000,Wagon)	11	333568
(40000,Wagon)	11	336966
(40000,Wagon)	11	336967
(40000,Wagon)	11	335001
(40000,Wagon)	11	334997
(40000,Wagon)	11	331665
(40000,Wagon)	11	331759
(40000,Hatchback)	4	337582
(40000,Hatchback)	4	337593
(40000,Hatchback)	4	337592
(40000,Hatchback)	4	337591
(40000,Convertible)	7	334445
(40000,Convertible)	7	330954
(40000,Convertible)	7	334870
(40000,Convertible)	7	336496
(40000,Convertible)	7	332200
(40000,Convertible)	7	334868
(40000,Convertible)	7	334446
(45000,SUV)	16	337528
(45000,SUV)	16	332021
(45000,SUV)	16	337524
(45000,SUV)	16	332018
(45000,SUV)	16	334900
(45000,SUV)	16	334912
(45000,SUV)	16	332635
(45000,SUV)	16	337075
(45000,SUV)	16	337091
(45000,SUV)	16	334913
(45000,SUV)	16	331238
(45000,SUV)	16	331626
(45000,SUV)	16	332326
(45000,SUV)	16	331629
(45000,SUV)	16	332169
(45000,SUV)	16	332166
(45000,Van)	5	331687
(45000,Van)	5	331685
(45000,Van)	5	331701
(45000,Van)	5	337238
(45000,Van)	5	331699
(45000,Coupe)	3	331614
(45000,Coupe)	3	337356
(45000,Coupe)	3	335850
(45000,Sedan)	5	331834
(45000,Sedan)	5	331959
(45000,Sedan)	5	335657
(45000,Sedan)	5	334983
(45000,Sedan)	5	335548
(45000,Truck)	21	335794
(45000,Truck)	21	335895
(45000,Truck)	21	332356
(45000,Truck)	21	331932
(45000,Truck)	21	335720
(45000,Truck)	21	331904
(45000,Truck)	21	331311
(45000,Truck)	21	335914
(45000,Truck)	21	335718
(45000,Truck)	21	331296
(45000,Truck)	21	335908
(45000,Truck)	21	335735
(45000,Truck)	21	335741
(45000,Truck)	21	335719
(45000,Truck)	21	335801
(45000,Truck)	21	335717
(45000,Truck)	21	335939
(45000,Truck)	21	335942
(45000,Truck)	21	331299
(45000,Truck)	21	335899
(45000,Truck)	21	335734
(45000,Wagon)	5	331368
(45000,Wagon)	5	331669
(45000,Wagon)	5	331757
(45000,Wagon)	5	333773
(45000,Wagon)	5	331761
(45000,Convertible)	4	334479
(45000,Convertible)	4	336498
(45000,Convertible)	4	334480
(45000,Convertible)	4	334481
(47000,SUV)	21	331630
(47000,SUV)	21	331243
(47000,SUV)	21	331400
(47000,SUV)	21	337094
(47000,SUV)	21	331636
(47000,SUV)	21	331634
(47000,SUV)	21	337079
(47000,SUV)	21	334636
(47000,SUV)	21	337076
(47000,SUV)	21	334637
(47000,SUV)	21	332047
(47000,SUV)	21	334901
(47000,SUV)	21	332329
(47000,SUV)	21	337539
(47000,SUV)	21	337525
(47000,SUV)	21	334582
(47000,SUV)	21	332322
(47000,SUV)	21	337264
(47000,SUV)	21	332022
(47000,SUV)	21	336455
(47000,SUV)	21	332319
(47000,Van)	4	331703
(47000,Van)	4	331705
(47000,Van)	4	331689
(47000,Van)	4	331691
(47000,Coupe)	4	331612
(47000,Coupe)	4	334448
(47000,Coupe)	4	334447
(47000,Coupe)	4	330902
(47000,Sedan)	9	334625
(47000,Sedan)	9	334624
(47000,Sedan)	9	335761
(47000,Sedan)	9	336570
(47000,Sedan)	9	330916
(47000,Sedan)	9	335549
(47000,Sedan)	9	331956
(47000,Sedan)	9	334627
(47000,Sedan)	9	334626
(47000,Truck)	38	332369
(47000,Truck)	38	332346
(47000,Truck)	38	335771
(47000,Truck)	38	332241
(47000,Truck)	38	335625
(47000,Truck)	38	335778
(47000,Truck)	38	331913
(47000,Truck)	38	335738
(47000,Truck)	38	335784
(47000,Truck)	38	332368
(47000,Truck)	38	335739
(47000,Truck)	38	335723
(47000,Truck)	38	335724
(47000,Truck)	38	335725
(47000,Truck)	38	335726
(47000,Truck)	38	335728
(47000,Truck)	38	335729
(47000,Truck)	38	335730
(47000,Truck)	38	335731
(47000,Truck)	38	335793
(47000,Truck)	38	335736
(47000,Truck)	38	335737
(47000,Truck)	38	331907
(47000,Truck)	38	333065
(47000,Truck)	38	335807
(47000,Truck)	38	331329
(47000,Truck)	38	331948
(47000,Truck)	38	331326
(47000,Truck)	38	331325
(47000,Truck)	38	335880
(47000,Truck)	38	335884
(47000,Truck)	38	331361
(47000,Truck)	38	335917
(47000,Truck)	38	335930
(47000,Truck)	38	335934
(47000,Truck)	38	335945
(47000,Truck)	38	335949
(47000,Truck)	38	332373
(47000,Wagon)	3	331369
(47000,Wagon)	3	333774
(47000,Wagon)	3	331371
(47000,Convertible)	1	335458
(50000,SUV)	38	337089
(50000,SUV)	38	337090
(50000,SUV)	38	337093
(50000,SUV)	38	337097
(50000,SUV)	38	337098
(50000,SUV)	38	337227
(50000,SUV)	38	337263
(50000,SUV)	38	337526
(50000,SUV)	38	337527
(50000,SUV)	38	337542
(50000,SUV)	38	337540
(50000,SUV)	38	332320
(50000,SUV)	38	332323
(50000,SUV)	38	332327
(50000,SUV)	38	332330
(50000,SUV)	38	331397
(50000,SUV)	38	331401
(50000,SUV)	38	331618
(50000,SUV)	38	331619
(50000,SUV)	38	332175
(50000,SUV)	38	332163
(50000,SUV)	38	332160
(50000,SUV)	38	332049
(50000,SUV)	38	332308
(50000,SUV)	38	331627
(50000,SUV)	38	331631
(50000,SUV)	38	331637
(50000,SUV)	38	332019
(50000,SUV)	38	332023
(50000,SUV)	38	334640
(50000,SUV)	38	334641
(50000,SUV)	38	332045
(50000,SUV)	38	332048
(50000,SUV)	38	332310
(50000,SUV)	38	335691
(50000,SUV)	38	337080
(50000,SUV)	38	336456
(50000,SUV)	38	334639
(50000,Coupe)	17	332289
(50000,Coupe)	17	332291
(50000,Coupe)	17	332292
(50000,Coupe)	17	332293
(50000,Coupe)	17	332294
(50000,Coupe)	17	334111
(50000,Coupe)	17	334348
(50000,Coupe)	17	334349
(50000,Coupe)	17	334350
(50000,Coupe)	17	334351
(50000,Coupe)	17	335489
(50000,Coupe)	17	332290
(50000,Coupe)	17	336283
(50000,Coupe)	17	336282
(50000,Coupe)	17	331615
(50000,Coupe)	17	332287
(50000,Coupe)	17	332288
(50000,Sedan)	16	336269
(50000,Sedan)	16	330920
(50000,Sedan)	16	336270
(50000,Sedan)	16	336271
(50000,Sedan)	16	334702
(50000,Sedan)	16	334701
(50000,Sedan)	16	334700
(50000,Sedan)	16	334453
(50000,Sedan)	16	334452
(50000,Sedan)	16	336272
(50000,Sedan)	16	336273
(50000,Sedan)	16	336251
(50000,Sedan)	16	330917
(50000,Sedan)	16	337363
(50000,Sedan)	16	334451
(50000,Sedan)	16	331960
(50000,Truck)	35	335750
(50000,Truck)	35	335744
(50000,Truck)	35	335751
(50000,Truck)	35	335743
(50000,Truck)	35	335802
(50000,Truck)	35	335808
(50000,Truck)	35	335896
(50000,Truck)	35	335900
(50000,Truck)	35	335909
(50000,Truck)	35	335918
(50000,Truck)	35	335742
(50000,Truck)	35	335946
(50000,Truck)	35	335740
(50000,Truck)	35	335950
(50000,Truck)	35	335951
(50000,Truck)	35	335952
(50000,Truck)	35	335732
(50000,Truck)	35	335727
(50000,Truck)	35	335721
(50000,Truck)	35	335711
(50000,Truck)	35	335710
(50000,Truck)	35	332243
(50000,Truck)	35	335953
(50000,Truck)	35	335709
(50000,Truck)	35	335708
(50000,Truck)	35	333067
(50000,Truck)	35	335795
(50000,Truck)	35	332376
(50000,Truck)	35	332374
(50000,Truck)	35	331364
(50000,Truck)	35	335748
(50000,Truck)	35	335747
(50000,Truck)	35	335746
(50000,Truck)	35	335745
(50000,Truck)	35	335749
(50000,Wagon)	5	336280
(50000,Wagon)	5	331762
(50000,Wagon)	5	331758
(50000,Wagon)	5	336279
(50000,Wagon)	5	331372
(50000,Convertible)	10	332302
(50000,Convertible)	10	332301
(50000,Convertible)	10	336284
(50000,Convertible)	10	335459
(50000,Convertible)	10	334450
(50000,Convertible)	10	334449
(50000,Convertible)	10	333995
(50000,Convertible)	10	330907
(50000,Convertible)	10	332300
(50000,Convertible)	10	332303
(60000,SUV)	25	337162
(60000,SUV)	25	337161
(60000,SUV)	25	337709
(60000,SUV)	25	332046
(60000,SUV)	25	337244
(60000,SUV)	25	337245
(60000,SUV)	25	337657
(60000,SUV)	25	337656
(60000,SUV)	25	331342
(60000,SUV)	25	331346
(60000,SUV)	25	332324
(60000,SUV)	25	337706
(60000,SUV)	25	337707
(60000,SUV)	25	337708
(60000,SUV)	25	336457
(60000,SUV)	25	336458
(60000,SUV)	25	332311
(60000,SUV)	25	332309
(60000,SUV)	25	331445
(60000,SUV)	25	331446
(60000,SUV)	25	331449
(60000,SUV)	25	332181
(60000,SUV)	25	332085
(60000,SUV)	25	334638
(60000,SUV)	25	337228
(60000,Coupe)	5	335492
(60000,Coupe)	5	331641
(60000,Coupe)	5	335491
(60000,Coupe)	5	335490
(60000,Coupe)	5	337357
(60000,Sedan)	5	330919
(60000,Sedan)	5	336277
(60000,Sedan)	5	330918
(60000,Sedan)	5	332093
(60000,Sedan)	5	334703
(60000,Truck)	5	335954
(60000,Truck)	5	331338
(60000,Truck)	5	335712
(60000,Truck)	5	331339
(60000,Truck)	5	335713
(60000,Wagon)	1	331824
(60000,Hatchback)	3	332617
(60000,Hatchback)	3	332615
(60000,Hatchback)	3	332616
(60000,Convertible)	9	335460
(60000,Convertible)	9	336285
(60000,Convertible)	9	335461
(60000,Convertible)	9	334353
(60000,Convertible)	9	334352
(60000,Convertible)	9	332304
(60000,Convertible)	9	332305
(60000,Convertible)	9	332306
(60000,Convertible)	9	332307
(70000,SUV)	25	331447
(70000,SUV)	25	331450
(70000,SUV)	25	337598
(70000,SUV)	25	331344
(70000,SUV)	25	337597
(70000,SUV)	25	331451
(70000,SUV)	25	331345
(70000,SUV)	25	331452
(70000,SUV)	25	337599
(70000,SUV)	25	337543
(70000,SUV)	25	332043
(70000,SUV)	25	332086
(70000,SUV)	25	331347
(70000,SUV)	25	337659
(70000,SUV)	25	331348
(70000,SUV)	25	331349
(70000,SUV)	25	337658
(70000,SUV)	25	337163
(70000,SUV)	25	332044
(70000,SUV)	25	331441
(70000,SUV)	25	331443
(70000,SUV)	25	331444
(70000,SUV)	25	331448
(70000,SUV)	25	331343
(70000,SUV)	25	331442
(70000,Coupe)	14	336692
(70000,Coupe)	14	336689
(70000,Coupe)	14	336694
(70000,Coupe)	14	332296
(70000,Coupe)	14	332295
(70000,Coupe)	14	334709
(70000,Coupe)	14	336691
(70000,Coupe)	14	336690
(70000,Coupe)	14	330858
(70000,Coupe)	14	336701
(70000,Coupe)	14	330859
(70000,Coupe)	14	332297
(70000,Coupe)	14	334708
(70000,Coupe)	14	331438
(70000,Sedan)	21	333984
(70000,Sedan)	21	333983
(70000,Sedan)	21	331853
(70000,Sedan)	21	331846
(70000,Sedan)	21	334767
(70000,Sedan)	21	331851
(70000,Sedan)	21	331852
(70000,Sedan)	21	336278
(70000,Sedan)	21	334383
(70000,Sedan)	21	331850
(70000,Sedan)	21	334704
(70000,Sedan)	21	334764
(70000,Sedan)	21	331849
(70000,Sedan)	21	336838
(70000,Sedan)	21	336839
(70000,Sedan)	21	334396
(70000,Sedan)	21	336840
(70000,Sedan)	21	331848
(70000,Sedan)	21	334766
(70000,Sedan)	21	336848
(70000,Sedan)	21	334763
(70000,Truck)	1	331340
(70000,Wagon)	1	336281
(70000,Hatchback)	5	335567
(70000,Hatchback)	5	335568
(70000,Hatchback)	5	335571
(70000,Hatchback)	5	335570
(70000,Hatchback)	5	335569
(70000,Convertible)	6	336708
(70000,Convertible)	6	336704
(70000,Convertible)	6	336703
(70000,Convertible)	6	331439
(70000,Convertible)	6	334710
(70000,Convertible)	6	334536
(100000,SUV)	2	336258
(100000,SUV)	2	336459
(100000,Coupe)	11	337483
(100000,Coupe)	11	332080
(100000,Coupe)	11	336702
(100000,Coupe)	11	334707
(100000,Coupe)	11	336699
(100000,Coupe)	11	336696
(100000,Coupe)	11	336695
(100000,Coupe)	11	336693
(100000,Coupe)	11	332298
(100000,Coupe)	11	332299
(100000,Coupe)	11	332081
(100000,Sedan)	10	331485
(100000,Sedan)	10	334768
(100000,Sedan)	10	331845
(100000,Sedan)	10	331854
(100000,Sedan)	10	331847
(100000,Sedan)	10	331857
(100000,Sedan)	10	331855
(100000,Sedan)	10	336842
(100000,Sedan)	10	331856
(100000,Sedan)	10	334765
(100000,Hatchback)	1	335572
(100000,Convertible)	9	336705
(100000,Convertible)	9	334711
(100000,Convertible)	9	332078
(100000,Convertible)	9	332083
(100000,Convertible)	9	336709
(100000,Convertible)	9	336707
(100000,Convertible)	9	336706
(100000,Convertible)	9	336554
(100000,Convertible)	9	336524
(150000,Coupe)	8	337486
(150000,Coupe)	8	332082
(150000,Coupe)	8	337366
(150000,Coupe)	8	332079
(150000,Coupe)	8	332075
(150000,Coupe)	8	337484
(150000,Coupe)	8	336697
(150000,Coupe)	8	337485
(150000,Sedan)	2	336841
(150000,Sedan)	2	336847
(150000,Hatchback)	1	335573
(150000,Convertible)	3	332076
(150000,Convertible)	3	336710
(150000,Convertible)	3	332077
(0,SUV)	20	331633
(0,SUV)	20	332318
(0,SUV)	20	335689
(0,SUV)	20	331625
(0,SUV)	20	337092
(0,SUV)	20	334898
(0,SUV)	20	337711
(0,SUV)	20	337710
(0,SUV)	20	337078
(0,SUV)	20	331399
(0,SUV)	20	331396
(0,SUV)	20	334907
(0,SUV)	20	334906
(0,SUV)	20	334899
(0,SUV)	20	335690
(0,SUV)	20	334488
(0,SUV)	20	334487
(0,SUV)	20	337262
(0,SUV)	20	334411
(0,SUV)	20	334579
(0,Van)	3	337689
(0,Van)	3	332107
(0,Van)	3	331872
(0,Coupe)	5	331611
(0,Coupe)	5	337590
(0,Coupe)	5	337585
(0,Coupe)	5	337583
(0,Coupe)	5	337355
(0,Sedan)	8	331832
(0,Sedan)	8	334871
(0,Sedan)	8	336569
(0,Sedan)	8	331955
(0,Sedan)	8	331958
(0,Sedan)	8	331833
(0,Sedan)	8	334982
(0,Sedan)	8	337151
(0,Truck)	34	335892
(0,Truck)	34	331888
(0,Truck)	34	331894
(0,Truck)	34	331912
(0,Truck)	34	331947
(0,Truck)	34	332242
(0,Truck)	34	332349
(0,Truck)	34	332364
(0,Truck)	34	332367
(0,Truck)	34	331282
(0,Truck)	34	331285
(0,Truck)	34	335948
(0,Truck)	34	331290
(0,Truck)	34	335933
(0,Truck)	34	335929
(0,Truck)	34	331293
(0,Truck)	34	335916
(0,Truck)	34	331363
(0,Truck)	34	335889
(0,Truck)	34	335883
(0,Truck)	34	335879
(0,Truck)	34	332757
(0,Truck)	34	335624
(0,Truck)	34	331310
(0,Truck)	34	332943
(0,Truck)	34	333066
(0,Truck)	34	331314
(0,Truck)	34	335783
(0,Truck)	34	335777
(0,Truck)	34	335770
(0,Truck)	34	335600
(0,Truck)	34	331319
(0,Truck)	34	331322
(0,Truck)	34	335722
(0,Wagon)	7	331756
(0,Wagon)	7	331760
(0,Wagon)	7	335004
(0,Wagon)	7	333571
(0,Wagon)	7	331370
(0,Wagon)	7	331668
(0,Wagon)	7	331666
(0,Convertible)	7	334477
(0,Convertible)	7	334478
(0,Convertible)	7	334869
(0,Convertible)	7	331737
(0,Convertible)	7	333992
(0,Convertible)	7	336497
(0,Convertible)	7	334476
(13000,Coupe)	1	337420
(13000,Sedan)	4	333985
(13000,Sedan)	4	337152
(13000,Sedan)	4	335677
(13000,Sedan)	4	335471
(13000,Wagon)	1	337671
(13000,Hatchback)	1	332492
(15000,SUV)	1	336764
(15000,Coupe)	2	337421
(15000,Coupe)	2	332463
(15000,Sedan)	13	335678
(15000,Sedan)	13	337423
(15000,Sedan)	13	335472
(15000,Sedan)	13	337154
(15000,Sedan)	13	337239
(15000,Sedan)	13	337155
(15000,Sedan)	13	335427
(15000,Sedan)	13	334595
(15000,Sedan)	13	332474
(15000,Sedan)	13	333987
(15000,Sedan)	13	337424
(15000,Sedan)	13	335426
(15000,Sedan)	13	334014
(15000,Wagon)	3	337662
(15000,Wagon)	3	337670
(15000,Wagon)	3	337382
(15000,Hatchback)	17	337517
(15000,Hatchback)	17	335474
(15000,Hatchback)	17	337157
(15000,Hatchback)	17	335680
(15000,Hatchback)	17	333990
(15000,Hatchback)	17	333989
(15000,Hatchback)	17	333988
(15000,Hatchback)	17	331527
(15000,Hatchback)	17	332495
(15000,Hatchback)	17	332498
(15000,Hatchback)	17	332501
(15000,Hatchback)	17	332510
(15000,Hatchback)	17	335429
(15000,Hatchback)	17	335430
(15000,Hatchback)	17	337667
(15000,Hatchback)	17	337156
(15000,Hatchback)	17	331815
(17000,SUV)	3	337406
(17000,SUV)	3	336972
(17000,SUV)	3	336767
(17000,Coupe)	7	337313
(17000,Coupe)	7	337429
(17000,Coupe)	7	332460
(17000,Coupe)	7	337428
(17000,Coupe)	7	337427
(17000,Coupe)	7	332462
(17000,Coupe)	7	332461
(17000,Sedan)	26	337240
(17000,Sedan)	26	331412
(17000,Sedan)	26	335473
(17000,Sedan)	26	334017
(17000,Sedan)	26	336114
(17000,Sedan)	26	336113
(17000,Sedan)	26	336112
(17000,Sedan)	26	336111
(17000,Sedan)	26	334048
(17000,Sedan)	26	331409
(17000,Sedan)	26	334049
(17000,Sedan)	26	334596
(17000,Sedan)	26	332475
(17000,Sedan)	26	332477
(17000,Sedan)	26	332478
(17000,Sedan)	26	334018
(17000,Sedan)	26	335676
(17000,Sedan)	26	337425
(17000,Sedan)	26	335425
(17000,Sedan)	26	334015
(17000,Sedan)	26	337426
(17000,Sedan)	26	330542
(17000,Sedan)	26	334016
(17000,Sedan)	26	330541
(17000,Sedan)	26	335692
(17000,Sedan)	26	335679
(17000,Truck)	4	331562
(17000,Truck)	4	332548
(17000,Truck)	4	331530
(17000,Truck)	4	332551
(17000,Wagon)	9	335634
(17000,Wagon)	9	337672
(17000,Wagon)	9	337665
(17000,Wagon)	9	337664
(17000,Wagon)	9	331424
(17000,Wagon)	9	331421
(17000,Wagon)	9	337383
(17000,Wagon)	9	337663
(17000,Wagon)	9	337673
(17000,Hatchback)	27	335476
(17000,Hatchback)	27	335428
(17000,Hatchback)	27	334354
(17000,Hatchback)	27	334356
(17000,Hatchback)	27	332504
(17000,Hatchback)	27	334364
(17000,Hatchback)	27	335475
(17000,Hatchback)	27	337530
(17000,Hatchback)	27	337531
(17000,Hatchback)	27	337532
(17000,Hatchback)	27	337533
(17000,Hatchback)	27	332507
(17000,Hatchback)	27	337158
(17000,Hatchback)	27	337432
(17000,Hatchback)	27	335681
(17000,Hatchback)	27	335836
(17000,Hatchback)	27	337518
(17000,Hatchback)	27	335837
(17000,Hatchback)	27	335838
(17000,Hatchback)	27	331529
(17000,Hatchback)	27	330545
(17000,Hatchback)	27	331528
(17000,Hatchback)	27	333991
(17000,Hatchback)	27	337519
(17000,Hatchback)	27	337522
(17000,Hatchback)	27	337523
(17000,Hatchback)	27	331432
(17000,Convertible)	1	337422
(20000,SUV)	5	335844
(20000,SUV)	5	335843
(20000,SUV)	5	337407
(20000,SUV)	5	336973
(20000,SUV)	5	336765
(20000,Van)	3	330660
(20000,Van)	3	335629
(20000,Van)	3	330661
(20000,Coupe)	8	337317
(20000,Coupe)	8	331653
(20000,Coupe)	8	331652
(20000,Coupe)	8	337430
(20000,Coupe)	8	332459
(20000,Coupe)	8	332458
(20000,Coupe)	8	337278
(20000,Coupe)	8	337315
(20000,Sedan)	19	331410
(20000,Sedan)	19	336116
(20000,Sedan)	19	336117
(20000,Sedan)	19	336156
(20000,Sedan)	19	332790
(20000,Sedan)	19	337246
(20000,Sedan)	19	332141
(20000,Sedan)	19	334020
(20000,Sedan)	19	334022
(20000,Sedan)	19	334024
(20000,Sedan)	19	334097
(20000,Sedan)	19	336115
(20000,Sedan)	19	332484
(20000,Sedan)	19	332481
(20000,Sedan)	19	334598
(20000,Sedan)	19	330543
(20000,Sedan)	19	337565
(20000,Sedan)	19	337242
(20000,Sedan)	19	331413
(20000,Truck)	8	332557
(20000,Truck)	8	332554
(20000,Truck)	8	331532
(20000,Truck)	8	332581
(20000,Truck)	8	331531
(20000,Truck)	8	331571
(20000,Truck)	8	331564
(20000,Truck)	8	331563
(20000,Wagon)	4	337674
(20000,Wagon)	4	337384
(20000,Wagon)	4	337305
(20000,Wagon)	4	337385
(20000,Hatchback)	8	331435
(20000,Hatchback)	8	337348
(20000,Hatchback)	8	337431
(20000,Hatchback)	8	334360
(20000,Hatchback)	8	337520
(20000,Hatchback)	8	334368
(20000,Hatchback)	8	334370
(20000,Hatchback)	8	334706
(20000,Convertible)	1	332881
(22000,SUV)	8	337492
(22000,SUV)	8	334715
(22000,SUV)	8	335841
(22000,SUV)	8	336087
(22000,SUV)	8	336974
(22000,SUV)	8	333837
(22000,SUV)	8	337410
(22000,SUV)	8	337680
(22000,Van)	5	332788
(22000,Van)	5	332784
(22000,Van)	5	332786
(22000,Van)	5	330662
(22000,Van)	5	336567
(22000,Coupe)	7	332457
(22000,Coupe)	7	332452
(22000,Coupe)	7	337216
(22000,Coupe)	7	332453
(22000,Coupe)	7	330901
(22000,Coupe)	7	332456
(22000,Coupe)	7	337319
(22000,Sedan)	20	337625
(22000,Sedan)	20	332488
(22000,Sedan)	20	330544
(22000,Sedan)	20	332485
(22000,Sedan)	20	332470
(22000,Sedan)	20	337488
(22000,Sedan)	20	337367
(22000,Sedan)	20	337626
(22000,Sedan)	20	332140
(22000,Sedan)	20	334026
(22000,Sedan)	20	332530
(22000,Sedan)	20	334028
(22000,Sedan)	20	334099
(22000,Sedan)	20	332533
(22000,Sedan)	20	336183
(22000,Sedan)	20	335675
(22000,Sedan)	20	337247
(22000,Sedan)	20	337376
(22000,Sedan)	20	331332
(22000,Sedan)	20	335693
(22000,Truck)	6	332560
(22000,Truck)	6	331916
(22000,Truck)	6	332913
(22000,Truck)	6	331537
(22000,Truck)	6	332584
(22000,Truck)	6	332569
(22000,Wagon)	3	337307
(22000,Wagon)	3	337306
(22000,Wagon)	3	337310
(22000,Hatchback)	4	334373
(22000,Hatchback)	4	334366
(22000,Hatchback)	4	330546
(22000,Hatchback)	4	330547
(22000,Convertible)	1	332882
(23500,SUV)	15	335659
(23500,SUV)	15	335658
(23500,SUV)	15	337677
(23500,SUV)	15	332433
(23500,SUV)	15	335842
(23500,SUV)	15	331210
(23500,SUV)	15	337408
(23500,SUV)	15	336978
(23500,SUV)	15	337493
(23500,SUV)	15	334501
(23500,SUV)	15	334716
(23500,SUV)	15	334726
(23500,SUV)	15	336766
(23500,SUV)	15	336768
(23500,SUV)	15	337546
(23500,Van)	6	332785
(23500,Van)	6	332778
(23500,Van)	6	332779
(23500,Van)	6	330663
(23500,Van)	6	332787
(23500,Van)	6	332789
(23500,Coupe)	11	337327
(23500,Coupe)	11	337321
(23500,Coupe)	11	337323
(23500,Coupe)	11	334841
(23500,Coupe)	11	337618
(23500,Coupe)	11	332191
(23500,Coupe)	11	337217
(23500,Coupe)	11	332454
(23500,Coupe)	11	332455
(23500,Coupe)	11	332134
(23500,Coupe)	11	337605
(23500,Sedan)	20	332791
(23500,Sedan)	20	332473
(23500,Sedan)	20	334044
(23500,Sedan)	20	332490
(23500,Sedan)	20	332471
(23500,Sedan)	20	337628
(23500,Sedan)	20	331334
(23500,Sedan)	20	337630
(23500,Sedan)	20	337368
(23500,Sedan)	20	332536
(23500,Sedan)	20	335694
(23500,Sedan)	20	334041
(23500,Sedan)	20	334034
(23500,Sedan)	20	331414
(23500,Sedan)	20	336158
(23500,Sedan)	20	337248
(23500,Sedan)	20	332441
(23500,Sedan)	20	334101
(23500,Sedan)	20	332400
(23500,Sedan)	20	334043
(23500,Truck)	13	335577
(23500,Truck)	13	332915
(23500,Truck)	13	331573
(23500,Truck)	13	335583
(23500,Truck)	13	335576
(23500,Truck)	13	335582
(23500,Truck)	13	331565
(23500,Truck)	13	331533
(23500,Truck)	13	332587
(23500,Truck)	13	332572
(23500,Truck)	13	331918
(23500,Truck)	13	335578
(23500,Truck)	13	332566
(23500,Wagon)	3	337308
(23500,Wagon)	3	335635
(23500,Wagon)	3	337311
(23500,Hatchback)	2	334539
(23500,Hatchback)	2	337349
(23500,Convertible)	1	337452
(25000,SUV)	66	334513
(25000,SUV)	66	335667
(25000,SUV)	66	335665
(25000,SUV)	66	335664
(25000,SUV)	66	335662
(25000,SUV)	66	335661
(25000,SUV)	66	331211
(25000,SUV)	66	331212
(25000,SUV)	66	331214
(25000,SUV)	66	334723
(25000,SUV)	66	332434
(25000,SUV)	66	337409
(25000,SUV)	66	337411
(25000,SUV)	66	337412
(25000,SUV)	66	337494
(25000,SUV)	66	337495
(25000,SUV)	66	337496
(25000,SUV)	66	337549
(25000,SUV)	66	337550
(25000,SUV)	66	337551
(25000,SUV)	66	337553
(25000,SUV)	66	337554
(25000,SUV)	66	337555
(25000,SUV)	66	336143
(25000,SUV)	66	337676
(25000,SUV)	66	337678
(25000,SUV)	66	337679
(25000,SUV)	66	337684
(25000,SUV)	66	337685
(25000,SUV)	66	337686
(25000,SUV)	66	337687
(25000,SUV)	66	334717
(25000,SUV)	66	331231
(25000,SUV)	66	331230
(25000,SUV)	66	331228
(25000,SUV)	66	331227
(25000,SUV)	66	331226
(25000,SUV)	66	334718
(25000,SUV)	66	335505
(25000,SUV)	66	335502
(25000,SUV)	66	335499
(25000,SUV)	66	331216
(25000,SUV)	66	331215
(25000,SUV)	66	335431
(25000,SUV)	66	334719
(25000,SUV)	66	334721
(25000,SUV)	66	334722
(25000,SUV)	66	332638
(25000,SUV)	66	336759
(25000,SUV)	66	336769
(25000,SUV)	66	336976
(25000,SUV)	66	335846
(25000,SUV)	66	335845
(25000,SUV)	66	333838
(25000,SUV)	66	333839
(25000,SUV)	66	333843
(25000,SUV)	66	333844
(25000,SUV)	66	336980
(25000,SUV)	66	334404
(25000,SUV)	66	335683
(25000,SUV)	66	335682
(25000,SUV)	66	335668
(25000,SUV)	66	334502
(25000,SUV)	66	334503
(25000,SUV)	66	334504
(25000,SUV)	66	334512
(25000,Van)	32	335483
(25000,Van)	32	337691
(25000,Van)	32	331117
(25000,Van)	32	333805
(25000,Van)	32	333806
(25000,Van)	32	331125
(25000,Van)	32	335631
(25000,Van)	32	331126
(25000,Van)	32	331127
(25000,Van)	32	331110
(25000,Van)	32	331109
(25000,Van)	32	336653
(25000,Van)	32	336650
(25000,Van)	32	331680
(25000,Van)	32	331681
(25000,Van)	32	331864
(25000,Van)	32	331694
(25000,Van)	32	331695
(25000,Van)	32	331123
(25000,Van)	32	331860
(25000,Van)	32	336647
(25000,Van)	32	335443
(25000,Van)	32	335445
(25000,Van)	32	332096
(25000,Van)	32	335630
(25000,Van)	32	331858
(25000,Van)	32	337232
(25000,Van)	32	331124
(25000,Van)	32	335446
(25000,Van)	32	335447
(25000,Van)	32	332097
(25000,Van)	32	332100
(25000,Coupe)	30	332135
(25000,Coupe)	30	332136
(25000,Coupe)	30	332192
(25000,Coupe)	30	337277
(25000,Coupe)	30	337610
(25000,Coupe)	30	330900
(25000,Coupe)	30	337608
(25000,Coupe)	30	337607
(25000,Coupe)	30	337337
(25000,Coupe)	30	337335
(25000,Coupe)	30	332193
(25000,Coupe)	30	337329
(25000,Coupe)	30	337325
(25000,Coupe)	30	335859
(25000,Coupe)	30	335847
(25000,Coupe)	30	332315
(25000,Coupe)	30	332194
(25000,Coupe)	30	334862
(25000,Coupe)	30	334861
(25000,Coupe)	30	331651
(25000,Coupe)	30	331654
(25000,Coupe)	30	334860
(25000,Coupe)	30	334863
(25000,Coupe)	30	337218
(25000,Coupe)	30	337219
(25000,Coupe)	30	337220
(25000,Coupe)	30	334864
(25000,Coupe)	30	337341
(25000,Coupe)	30	337339
(25000,Coupe)	30	334866
(25000,Sedan)	67	332443
(25000,Sedan)	67	332442
(25000,Sedan)	67	332398
(25000,Sedan)	67	332396
(25000,Sedan)	67	332394
(25000,Sedan)	67	332392
(25000,Sedan)	67	332390
(25000,Sedan)	67	336160
(25000,Sedan)	67	336162
(25000,Sedan)	67	336164
(25000,Sedan)	67	336166
(25000,Sedan)	67	336170
(25000,Sedan)	67	336171
(25000,Sedan)	67	336174
(25000,Sedan)	67	336326
(25000,Sedan)	67	330938
(25000,Sedan)	67	332139
(25000,Sedan)	67	337249
(25000,Sedan)	67	337250
(25000,Sedan)	67	337251
(25000,Sedan)	67	331718
(25000,Sedan)	67	331717
(25000,Sedan)	67	331645
(25000,Sedan)	67	331643
(25000,Sedan)	67	337369
(25000,Sedan)	67	337377
(25000,Sedan)	67	337378
(25000,Sedan)	67	337489
(25000,Sedan)	67	337632
(25000,Sedan)	67	337633
(25000,Sedan)	67	337635
(25000,Sedan)	67	337639
(25000,Sedan)	67	331337
(25000,Sedan)	67	331336
(25000,Sedan)	67	331335
(25000,Sedan)	67	335478
(25000,Sedan)	67	335477
(25000,Sedan)	67	332792
(25000,Sedan)	67	332793
(25000,Sedan)	67	332794
(25000,Sedan)	67	332795
(25000,Sedan)	67	332796
(25000,Sedan)	67	334036
(25000,Sedan)	67	334040
(25000,Sedan)	67	334045
(25000,Sedan)	67	334046
(25000,Sedan)	67	334047
(25000,Sedan)	67	334103
(25000,Sedan)	67	334105
(25000,Sedan)	67	334106
(25000,Sedan)	67	334107
(25000,Sedan)	67	334108
(25000,Sedan)	67	334109
(25000,Sedan)	67	334110
(25000,Sedan)	67	335752
(25000,Sedan)	67	335696
(25000,Sedan)	67	335674
(25000,Sedan)	67	335673
(25000,Sedan)	67	335645
(25000,Sedan)	67	335644
(25000,Sedan)	67	335643
(25000,Sedan)	67	334778
(25000,Sedan)	67	334775
(25000,Sedan)	67	332542
(25000,Sedan)	67	332539
(25000,Sedan)	67	332472
(25000,Sedan)	67	332444
(25000,Truck)	56	332575
(25000,Truck)	56	331567
(25000,Truck)	56	332563
(25000,Truck)	56	331566
(25000,Truck)	56	331543
(25000,Truck)	56	331542
(25000,Truck)	56	331917
(25000,Truck)	56	331541
(25000,Truck)	56	331540
(25000,Truck)	56	331539
(25000,Truck)	56	331538
(25000,Truck)	56	331935
(25000,Truck)	56	331933
(25000,Truck)	56	337726
(25000,Truck)	56	335608
(25000,Truck)	56	331536
(25000,Truck)	56	331535
(25000,Truck)	56	335607
(25000,Truck)	56	335603
(25000,Truck)	56	335602
(25000,Truck)	56	335601
(25000,Truck)	56	335586
(25000,Truck)	56	335585
(25000,Truck)	56	335584
(25000,Truck)	56	335580
(25000,Truck)	56	337692
(25000,Truck)	56	335579
(25000,Truck)	56	331568
(25000,Truck)	56	331924
(25000,Truck)	56	331576
(25000,Truck)	56	331574
(25000,Truck)	56	331920
(25000,Truck)	56	332931
(25000,Truck)	56	332929
(25000,Truck)	56	331919
(25000,Truck)	56	332921
(25000,Truck)	56	332917
(25000,Truck)	56	332916
(25000,Truck)	56	332914
(25000,Truck)	56	332690
(25000,Truck)	56	332687
(25000,Truck)	56	332684
(25000,Truck)	56	332681
(25000,Truck)	56	332678
(25000,Truck)	56	332675
(25000,Truck)	56	332672
(25000,Truck)	56	332605
(25000,Truck)	56	332602
(25000,Truck)	56	332599
(25000,Truck)	56	332596
(25000,Truck)	56	331572
(25000,Truck)	56	332593
(25000,Truck)	56	331570
(25000,Truck)	56	332590
(25000,Truck)	56	332578
(25000,Truck)	56	331569
(25000,Wagon)	7	337006
(25000,Wagon)	7	336718
(25000,Wagon)	7	337312
(25000,Wagon)	7	335636
(25000,Wagon)	7	335639
(25000,Wagon)	7	337309
(25000,Wagon)	7	336715
(25000,Hatchback)	27	334547
(25000,Hatchback)	27	331741
(25000,Hatchback)	27	334545
(25000,Hatchback)	27	331738
(25000,Hatchback)	27	334543
(25000,Hatchback)	27	334381
(25000,Hatchback)	27	334376
(25000,Hatchback)	27	334375
(25000,Hatchback)	27	334363
(25000,Hatchback)	27	334120
(25000,Hatchback)	27	334119
(25000,Hatchback)	27	334362
(25000,Hatchback)	27	334359
(25000,Hatchback)	27	334358
(25000,Hatchback)	27	334380
(25000,Hatchback)	27	334379
(25000,Hatchback)	27	334378
(25000,Hatchback)	27	334377
(25000,Hatchback)	27	334563
(25000,Hatchback)	27	334124
(25000,Hatchback)	27	334123
(25000,Hatchback)	27	334541
(25000,Hatchback)	27	334561
(25000,Hatchback)	27	334559
(25000,Hatchback)	27	334557
(25000,Hatchback)	27	334555
(25000,Hatchback)	27	334549
(25000,Convertible)	14	337459
(25000,Convertible)	14	337460
(25000,Convertible)	14	337455
(25000,Convertible)	14	335670
(25000,Convertible)	14	330903
(25000,Convertible)	14	337351
(25000,Convertible)	14	337352
(25000,Convertible)	14	331655
(25000,Convertible)	14	337453
(25000,Convertible)	14	337454
(25000,Convertible)	14	332316
(25000,Convertible)	14	337456
(25000,Convertible)	14	337457
(25000,Convertible)	14	337458
(30000,SUV)	50	337556
(30000,SUV)	50	333845
(30000,SUV)	50	337718
(30000,SUV)	50	334505
(30000,SUV)	50	335432
(30000,SUV)	50	337714
(30000,SUV)	50	334887
(30000,SUV)	50	334506
(30000,SUV)	50	334507
(30000,SUV)	50	331217
(30000,SUV)	50	331218
(30000,SUV)	50	331219
(30000,SUV)	50	337619
(30000,SUV)	50	337717
(30000,SUV)	50	337620
(30000,SUV)	50	337621
(30000,SUV)	50	334724
(30000,SUV)	50	331222
(30000,SUV)	50	337622
(30000,SUV)	50	334720
(30000,SUV)	50	331229
(30000,SUV)	50	331232
(30000,SUV)	50	331233
(30000,SUV)	50	331234
(30000,SUV)	50	331213
(30000,SUV)	50	333841
(30000,SUV)	50	337623
(30000,SUV)	50	336144
(30000,SUV)	50	337675
(30000,SUV)	50	334508
(30000,SUV)	50	334891
(30000,SUV)	50	334405
(30000,SUV)	50	334407
(30000,SUV)	50	337681
(30000,SUV)	50	337682
(30000,SUV)	50	334409
(30000,SUV)	50	335687
(30000,SUV)	50	337683
(30000,SUV)	50	334412
(30000,SUV)	50	337258
(30000,SUV)	50	332641
(30000,SUV)	50	332644
(30000,SUV)	50	332647
(30000,SUV)	50	332653
(30000,SUV)	50	336762
(30000,SUV)	50	336761
(30000,SUV)	50	333840
(30000,SUV)	50	337552
(30000,SUV)	50	335434
(30000,SUV)	50	335435
(30000,Van)	47	331706
(30000,Van)	47	337233
(30000,Van)	47	331704
(30000,Van)	47	331702
(30000,Van)	47	332103
(30000,Van)	47	332106
(30000,Van)	47	332109
(30000,Van)	47	337690
(30000,Van)	47	331700
(30000,Van)	47	331868
(30000,Van)	47	331698
(30000,Van)	47	331697
(30000,Van)	47	331696
(30000,Van)	47	331693
(30000,Van)	47	331692
(30000,Van)	47	331690
(30000,Van)	47	331686
(30000,Van)	47	331684
(30000,Van)	47	331683
(30000,Van)	47	331682
(30000,Van)	47	335451
(30000,Van)	47	335450
(30000,Van)	47	331871
(30000,Van)	47	335449
(30000,Van)	47	335448
(30000,Van)	47	331874
(30000,Van)	47	335632
(30000,Van)	47	331122
(30000,Van)	47	331121
(30000,Van)	47	331120
(30000,Van)	47	335627
(30000,Van)	47	335484
(30000,Van)	47	331119
(30000,Van)	47	335444
(30000,Van)	47	336662
(30000,Van)	47	335442
(30000,Van)	47	336665
(30000,Van)	47	335626
(30000,Van)	47	336677
(30000,Van)	47	331118
(30000,Van)	47	336680
(30000,Van)	47	331128
(30000,Van)	47	335452
(30000,Van)	47	335485
(30000,Van)	47	331688
(30000,Van)	47	337234
(30000,Van)	47	331707
(30000,Coupe)	26	335010
(30000,Coupe)	26	335868
(30000,Coupe)	26	335849
(30000,Coupe)	26	335848
(30000,Coupe)	26	334865
(30000,Coupe)	26	334867
(30000,Coupe)	26	337612
(30000,Coupe)	26	337614
(30000,Coupe)	26	337615
(30000,Coupe)	26	337616
(30000,Coupe)	26	337617
(30000,Coupe)	26	335013
(30000,Coupe)	26	335012
(30000,Coupe)	26	335011
(30000,Coupe)	26	330898
(30000,Coupe)	26	330899
(30000,Coupe)	26	332137
(30000,Coupe)	26	332195
(30000,Coupe)	26	337221
(30000,Coupe)	26	336461
(30000,Coupe)	26	336460
(30000,Coupe)	26	337222
(30000,Coupe)	26	337223
(30000,Coupe)	26	337224
(30000,Coupe)	26	337279
(30000,Coupe)	26	331732
(30000,Sedan)	50	331835
(30000,Sedan)	50	331836
(30000,Sedan)	50	335656
(30000,Sedan)	50	337252
(30000,Sedan)	50	331341
(30000,Sedan)	50	337637
(30000,Sedan)	50	337280
(30000,Sedan)	50	330807
(30000,Sedan)	50	335479
(30000,Sedan)	50	335480
(30000,Sedan)	50	330808
(30000,Sedan)	50	331719
(30000,Sedan)	50	330940
(30000,Sedan)	50	335481
(30000,Sedan)	50	330942
(30000,Sedan)	50	330944
(30000,Sedan)	50	331838
(30000,Sedan)	50	330946
(30000,Sedan)	50	331647
(30000,Sedan)	50	335647
(30000,Sedan)	50	330948
(30000,Sedan)	50	331722
(30000,Sedan)	50	335648
(30000,Sedan)	50	335649
(30000,Sedan)	50	331720
(30000,Sedan)	50	331721
(30000,Sedan)	50	335753
(30000,Sedan)	50	336173
(30000,Sedan)	50	336172
(30000,Sedan)	50	334419
(30000,Sedan)	50	335757
(30000,Sedan)	50	334414
(30000,Sedan)	50	336168
(30000,Sedan)	50	337268
(30000,Sedan)	50	335650
(30000,Sedan)	50	335652
(30000,Sedan)	50	336157
(30000,Sedan)	50	335653
(30000,Sedan)	50	335654
(30000,Sedan)	50	331837
(30000,Sedan)	50	336154
(30000,Sedan)	50	334418
(30000,Sedan)	50	335655
(30000,Sedan)	50	334417
(30000,Sedan)	50	334960
(30000,Sedan)	50	334416
(30000,Sedan)	50	332545
(30000,Sedan)	50	334415
(30000,Sedan)	50	337641
(30000,Sedan)	50	337640
(30000,Truck)	105	335920
(30000,Truck)	105	335919
(30000,Truck)	105	335910
(30000,Truck)	105	335903
(30000,Truck)	105	335901
(30000,Truck)	105	335885
(30000,Truck)	105	335881
(30000,Truck)	105	331317
(30000,Truck)	105	335596
(30000,Truck)	105	335595
(30000,Truck)	105	335594
(30000,Truck)	105	335593
(30000,Truck)	105	335611
(30000,Truck)	105	337701
(30000,Truck)	105	331944
(30000,Truck)	105	332727
(30000,Truck)	105	332721
(30000,Truck)	105	332715
(30000,Truck)	105	335762
(30000,Truck)	105	335763
(30000,Truck)	105	335764
(30000,Truck)	105	335765
(30000,Truck)	105	332702
(30000,Truck)	105	335772
(30000,Truck)	105	335785
(30000,Truck)	105	335618
(30000,Truck)	105	335609
(30000,Truck)	105	335590
(30000,Truck)	105	335589
(30000,Truck)	105	335588
(30000,Truck)	105	331308
(30000,Truck)	105	331941
(30000,Truck)	105	335610
(30000,Truck)	105	331288
(30000,Truck)	105	331938
(30000,Truck)	105	331937
(30000,Truck)	105	331936
(30000,Truck)	105	331305
(30000,Truck)	105	331934
(30000,Truck)	105	332699
(30000,Truck)	105	332748
(30000,Truck)	105	337727
(30000,Truck)	105	337700
(30000,Truck)	105	331929
(30000,Truck)	105	331928
(30000,Truck)	105	331927
(30000,Truck)	105	337698
(30000,Truck)	105	331925
(30000,Truck)	105	332696
(30000,Truck)	105	335874
(30000,Truck)	105	331922
(30000,Truck)	105	331921
(30000,Truck)	105	331302
(30000,Truck)	105	331301
(30000,Truck)	105	335587
(30000,Truck)	105	331300
(30000,Truck)	105	331312
(30000,Truck)	105	331914
(30000,Truck)	105	335581
(30000,Truck)	105	335604
(30000,Truck)	105	332730
(30000,Truck)	105	331286
(30000,Truck)	105	337693
(30000,Truck)	105	332337
(30000,Truck)	105	332343
(30000,Truck)	105	331883
(30000,Truck)	105	331878
(30000,Truck)	105	332743
(30000,Truck)	105	331575
(30000,Truck)	105	331577
(30000,Truck)	105	332940
(30000,Truck)	105	332937
(30000,Truck)	105	332935
(30000,Truck)	105	332934
(30000,Truck)	105	332933
(30000,Truck)	105	335597
(30000,Truck)	105	331315
(30000,Truck)	105	332932
(30000,Truck)	105	332930
(30000,Truck)	105	332926
(30000,Truck)	105	332925
(30000,Truck)	105	332924
(30000,Truck)	105	337697
(30000,Truck)	105	337728
(30000,Truck)	105	332922
(30000,Truck)	105	332919
(30000,Truck)	105	332918
(30000,Truck)	105	335869
(30000,Truck)	105	337695
(30000,Truck)	105	335870
(30000,Truck)	105	335871
(30000,Truck)	105	331272
(30000,Truck)	105	331273
(30000,Truck)	105	331274
(30000,Truck)	105	331277
(30000,Truck)	105	335935
(30000,Truck)	105	331280
(30000,Truck)	105	335931
(30000,Truck)	105	335877
(30000,Truck)	105	337694
(30000,Truck)	105	331283
(30000,Truck)	105	335927
(30000,Truck)	105	335924
(30000,Truck)	105	335921
(30000,Truck)	105	335605
(30000,Wagon)	16	337009
(30000,Wagon)	16	337008
(30000,Wagon)	16	333565
(30000,Wagon)	16	333564
(30000,Wagon)	16	333563
(30000,Wagon)	16	334968
(30000,Wagon)	16	334984
(30000,Wagon)	16	335637
(30000,Wagon)	16	335640
(30000,Wagon)	16	335642
(30000,Wagon)	16	336721
(30000,Wagon)	16	336724
(30000,Wagon)	16	336734
(30000,Wagon)	16	336737
(30000,Wagon)	16	336740
(30000,Wagon)	16	336743
(30000,Hatchback)	14	331744
(30000,Hatchback)	14	334567
(30000,Hatchback)	14	337584
(30000,Hatchback)	14	337586
(30000,Hatchback)	14	334127
(30000,Hatchback)	14	334128
(30000,Hatchback)	14	334129
(30000,Hatchback)	14	334130
(30000,Hatchback)	14	334382
(30000,Hatchback)	14	334565
(30000,Hatchback)	14	334553
(30000,Hatchback)	14	334551
(30000,Hatchback)	14	337350
(30000,Hatchback)	14	334569
(30000,Convertible)	6	335671
(30000,Convertible)	6	330904
(30000,Convertible)	6	332197
(30000,Convertible)	6	335672
(30000,Convertible)	6	331656
(30000,Convertible)	6	337461
